11	26		    
1   1	  2     1310    0.995
2   1	  3      760    0.999
3   1   4      390    0.9995
4   1   7      740    0.9999
5   2   3      550    0.9995
6   2   5      390    0.999
7   2   8      450    0.995
8   3   4      660    0.999
9   3   5      210    0.9999
10  3   6      390    0.9999
11  4   7      340    0.999
12  4   8     1090    0.9995
13  4   10     660    0.995
14  5	  6      220    0.999
15  5	  8      300    0.9995
16  5   11     930    0.9999
17  6   7      730    0.995
18  6   8      400    0.9995
19  6   9      350    0.9999
20  7 	9      565    0.9995
21  7	  10     320    0.999
22  8   9      600    0.9999
23  8   11     820    0.995
24  9   10     730    0.999
25  9   11     320    0.9999
26  10  11     820    0.995
