24  43        
1   1   2   1  
2   1   6   1  
3   2   6   1  
4   2   3   1  
5   3   7   1  
6   3   5   1  
7   3   4   1  
8   4   5   1  
9   4   7   1  
10  5   8   1  
11  6   7   1  
12  7   8   1  
13  6   11  1  
14  6   9   1  
15  7   9   1  
16  8   10  1  
17  9   11  1  
18  9   12  1  
19  9   10  1  
20  10  13  1  
21  10  14  1  
22  11  19  1  
23  11  15  1  
24  11  12  1  
25  12  16  1  
26  12  13  1  
27  13  17  1  
28  13  14  1  
29  14  18  1  
30  15  20  1  
31  15  16  1  
32  16  21  1  
33  16  17  1  
34  16  22  1  
35  17  22  1  
36  17  18  1  
37  17  23  1  
38  18  24  1  
39  19  20  1  
40  20  21  1  
41  21  22  1  
42  22  23  1  
43  23  24  1