1			30			106.6  
2     16.8		84.85
3     11			60.5   
4     32.35		49.1 
5     29.9		25.2 
6     50.5		86.6 
7     48.4		58.2 
8     60			19     
9     81.6		60   
10    86.8		26.9 
11    107			94.5   
12    109			58.1   
13    117.4		31.5 
14    112.6		14.9 
15    149.8		92   
16    145			64.2   
17    146.2		29.7 
18    143.6		10   
19    171.3		120.6
20    177.4		95.6 
21    180			75     
22    172.5		56.8 
23    176.2		30.8 
24    173			15     






















176.2	30.8
173	15
