24	43		    
1   1	  2     800    0.995
2   1	  6     1000    0.999
3   2   3     1100    0.9995
4   2   6     950    0.9999
5   3   4     250    0.9995
6   3   5     800    0.999
7   3   7     1000    0.995
8   4   5     800    0.999
9   4   7     850    0.9999
10  5   8     1200    0.9999
11  6   7     1000    0.999
12  6   9     1200    0.9995
13  6   11    1900    0.995
14  7	  8     1150    0.999
15  7	  9     1000    0.9995
16  8   10    900    0.9999
17  9   10    1000    0.995
18  9   11    1400    0.9995
19  9   12    1000    0.9999
20  10	13    950    0.9995
21  10	14    850    0.999
22  11  12    900    0.9999
23  11	15    1300    0.995
24  11  19    2600    0.999
25  12  13    900    0.9999
26  12  16    1000    0.995
27  13	14    650    0.999
28  13  17    1100    0.999
29  14  18    1200    0.9999
30  15  16    600    0.995
31  15	20    1300    0.999
32  16  17    1000    0.995
33  16  21    1000    0.9999
34  16  22    800    0.9995
35  17  18    800    0.9995
36  17  22    850    0.9999
37  17  23    1000    0.9995
38  18  24    900    0.995
39  19  20    1200    0.9995
40  20  21    700    0.999
41  21  22    300    0.9999
42  22  23    600    0.995
43  23  24    900    0.9995
