14	22		    
1   1	  2     1100    0.995
2   1	  3     1000    0.999
3   1   8     1800    0.9995
4   2   3     1200    0.9999
5   2   4     1500    0.9995
6   3   6     1600    0.999
7   4   5     1200    0.995
8   4   11    1900    0.999
9   5   6     1400    0.9999
10  5   7     1200    0.9999
11  6   10    1100    0.999
12  6   14    1600    0.9995
13  7   8     1500    0.995
14  7	  10    1700    0.999
15  8	  9     1500    0.9995
16  9   10    1500    0.9999
17  9   12     600    0.995
18  9   13     600    0.9995
19  11  12    1200    0.9999
20  11	13    1500    0.9995
21  12	14     600    0.999
22  13  14     300    0.9999
