5
1 2
1 4
1 5
2 5
3 4
3 5
5
6 7
6 8
8 10
9 7
5
11 15
12 13
12 14
12 15
13 15
3
16 18
17 18
4
19 20
19 22
20 21
20 22
21 22
3
23 24
23 25
5
26 28
26 29
26 30
27 28
27 29
29 30
4
31 34
33 34
32 33
4
35 37
35 38
36 37
36 38
3
39 40
41 40
3
42 43
43 44
5
45 46
45 47
45 48
47 48
47 49
48 49
5
50 53
51 53
51 54
52 54
3
55 56
57 56
5
58 59
58 60
58 62
59 60
59 61
60 62
3
63 64
63 65
5
66 67
66 68
66 69
66 70
68 69
69 70
4
71 74
72 73
72 74
4
75 77
77 78
76 75
5
79 80
79 81
79 83
80 81
80 83
81 82
82 83
3
84 86
85 84
3
87 88
87 89
4
90 93
91 93
92 90
4
94 96
94 97
95 96
95 97
96 97
4
99 100
99 101
98 100
5
102 103
103 104
103 105
103 106
4
108 109
108 110
109 110
107 109
5
111 112
111 113
111 114
111 115
113 114
114 115
3
116 117
118 117
4
119 121
120 122
119 120
3
123 124
123 125
5
126 127
126 128
126 129
126 130
127 128
127 129
127 130
129 130
4
131 132
132 133
132 134
133 134
3
136 137
135 136
3
138 139
138 140
139 140
5
141 142
141 143
141 144
141 145
142 143
142 145
143 144
144 145
4
146 149
147 148
147 149
5
150 153
150 154
151 152
153 154
151 154
4
155 157
156 157
156 158
157 158
3
159 161
160 159
3
162 163
162 164
163 164
3
165 167
166 167
4
168 170
169 171
170 171
4
173 175
174 175
172 174
4
176 177
176 178
176 179
178 179
3
180 181
180 182
5
183 186
183 187
184 186
184 187
185 183
4
188 189
188 190
190 191
5
192 193
192 194
192 195
192 196
193 194
194 195
194 196
4
197 199
199 200
198 197
3
201 202
201 203
202 203
3
204 205
205 206
4
207 210
209 210
208 209
5
211 212
212 213
213 214
213 215
214 215
3
216 217
217 218
5
219 220
219 223
220 221
221 222
5
224 225
225 226
227 228
224 228
5
229 231
229 232
229 233
230 231
230 232
232 233
5
234 237
235 236
235 237
236 237
237 238
4
239 240
239 241
242 241
5
243 245
243 246
244 245
244 246
244 247
245 246
245 247
246 247
4
248 249
248 250
248 251
249 251
250 251
4
252 254
252 255
253 254
4
256 257
256 259
257 259
258 256
3
260 262
261 262
4
263 264
264 265
265 266
4
267 268
268 270
269 267
4
271 273
272 274
272 271
5
275 276
275 277
275 278
276 277
276 278
276 279
277 278
278 279
4
280 282
280 283
281 283
282 283
4
284 285
286 287
284 286
4
288 291
289 290
289 288
5
292 294
292 295
293 294
293 296
294 295
295 296
3
297 299
298 297
4
300 301
300 303
301 302
3
304 306
305 306
4
307 308
308 309
310 309
3
311 313
312 313
3
314 315
316 315
4
317 318
317 319
318 319
319 320
3
321 322
321 323
5
325 328
324 326
324 327
324 325
5
329 330
329 332
329 333
330 331
330 332
331 332
332 333
4
334 335
334 336
334 337
335 336
335 337
5
338 340
339 341
342 340
342 339
4
343 344
343 345
343 346
345 346
4
347 348
347 349
348 349
348 350
5
351 354
353 354
353 355
352 351
5
356 357
356 358
356 359
356 360
357 358
357 360
358 360
359 360
3
361 362
361 363
5
364 368
365 367
366 367
366 368
367 368
3
369 370
369 371
370 371
4
372 374
372 375
373 374
373 375
374 375
3
376 378
377 376
5
379 380
379 381
379 383
380 383
381 382
3
384 386
385 384
3
387 388
388 389
4
391 392
391 393
392 393
390 392
5
394 395
394 397
395 397
396 398
396 394
3
400 401
399 400
