5
1 2 3 4 5 
5
6 7 8 9 10 
5
11 12 13 14 15 
3
16 17 18 
4
19 20 21 22 
3
23 24 25 
5
26 27 28 29 30 
4
31 32 33 34 
4
35 36 37 38 
3
39 40 41 
3
42 43 44 
5
45 46 47 48 49 
5
50 51 52 53 54 
3
55 56 57 
5
58 59 60 61 62 
3
63 64 65 
5
66 67 68 69 70 
4
71 72 73 74 
4
75 76 77 78 
5
79 80 81 82 83 
3
84 85 86 
3
87 88 89 
4
90 91 92 93 
4
94 95 96 97 
4
98 99 100 101 
5
102 103 104 105 106 
4
107 108 109 110 
5
111 112 113 114 115 
3
116 117 118 
4
119 120 121 122 
3
123 124 125 
5
126 127 128 129 130 
4
131 132 133 134 
3
135 136 137 
3
138 139 140 
5
141 142 143 144 145 
4
146 147 148 149 
5
150 151 152 153 154 
4
155 156 157 158 
3
159 160 161 
3
162 163 164 
3
165 166 167 
4
168 169 170 171 
4
172 173 174 175 
4
176 177 178 179 
3
180 181 182 
5
183 184 185 186 187 
4
188 189 190 191 
5
192 193 194 195 196 
4
197 198 199 200 
3
201 202 203 
3
204 205 206 
4
207 208 209 210 
5
211 212 213 214 215 
3
216 217 218 
5
219 220 221 222 223 
5
224 225 226 227 228 
5
229 230 231 232 233 
5
234 235 236 237 238 
4
239 240 241 242 
5
243 244 245 246 247 
4
248 249 250 251 
4
252 253 254 255 
4
256 257 258 259 
3
260 261 262 
4
263 264 265 266 
4
267 268 269 270 
4
271 272 273 274 
5
275 276 277 278 279 
4
280 281 282 283 
4
284 285 286 287 
4
288 289 290 291 
5
292 293 294 295 296 
3
297 298 299 
4
300 301 302 303 
3
304 305 306 
4
307 308 309 310 
3
311 312 313 
3
314 315 316 
4
317 318 319 320 
3
321 322 323 
5
324 325 326 327 328 
5
329 330 331 332 333 
4
334 335 336 337 
5
338 339 340 341 342 
4
343 344 345 346 
4
347 348 349 350 
5
351 352 353 354 355 
5
356 357 358 359 360 
3
361 362 363 
5
364 365 366 367 368 
3
369 370 371 
4
372 373 374 375 
3
376 377 378 
5
379 380 381 382 383 
3
384 385 386 
3
387 388 389 
4
390 391 392 393 
5
394 395 396 397 398 
3
399 400 401 
